100 5.280018091201782
4.185483932495117: 5.260921311378479
200 5.092410326004028
4.355754375457764: 4.980331499576568
300 4.946279048919678
5.292871952056885: 4.985520924727122
400 4.961044073104858
5.470643520355225: 4.895469897985459
500 4.966496706008911
5.194631099700928: 4.864552552223206
600 5.123483896255493
4.756447792053223: 4.724344260692597
700 5.100191116333008
5.999892234802246: 4.688907405648913
800 4.883099317550659
5.948925495147705: 4.6503812757134435
900 5.37709903717041
4.006333827972412: 4.641409679783715
1000 4.8252785205841064
3.823256731033325: 4.631173363447189
1100 4.670629501342773
3.2473723888397217: 4.632716221809387
1200 5.063702821731567
3.448845386505127: 4.628316852450371
1300 6.2134997844696045
4.097537040710449: 4.615008527682377
1400 4.704049348831177
5.760222911834717: 4.624700477634158
1500 4.847749710083008
4.507800102233887: 4.628464863777161
1600 4.802073240280151
2.569864511489868: 4.573181606084108
1700 4.824254512786865
4.906009197235107: 4.538982636367574
1800 6.544720411300659
6.125328063964844: 4.497343765232298
1900 5.90685510635376
3.5558481216430664: 4.478100811305799
2000 5.114914417266846
5.521962642669678: 4.46689618575573
2100 4.924453258514404
4.347287178039551: 4.46287274587722
2200 4.770594596862793
3.3991291522979736: 4.436842493252321
2300 4.737320899963379
2.5854806900024414: 4.431929711673571
2400 4.8592610359191895
3.0839288234710693: 4.371500596702099
2500 4.811645030975342
4.013287544250488: 4.3700646626472475
2600 4.805819511413574
4.273442268371582: 4.3752353985493
2700 4.716935157775879
3.845672369003296: 4.373816077002773
2800 4.685004234313965
5.295655727386475: 4.393426505582673
2900 6.164086818695068
3.3760504722595215: 4.391015602802408
3000 4.769020080566406
3.297417640686035: 4.380296195268631
3100 4.7130866050720215
5.126580238342285: 4.385044307631831
3200 5.255171060562134
6.280754089355469: 4.394722730070352
3300 5.09635066986084
3.060215473175049: 4.38287368702166
3400 5.166276216506958
3.864636182785034: 4.368496681171305
3500 5.17821741104126
3.5325305461883545: 4.3688474146298
3600 4.859685897827148
3.3898026943206787: 4.367981228762202
3700 4.977118253707886
4.951340675354004: 4.391323754980758
3800 4.714905023574829
3.967867374420166: 4.3818049312265295
3900 4.628894805908203
3.971966028213501: 4.365258676516704
4000 5.005538463592529
4.241333961486816: 4.359352987110615
4100 4.750840902328491
4.638930797576904: 4.369529696383127
4200 4.708299398422241
3.6923067569732666: 4.360011798200153
4300 4.703526020050049
5.357079029083252: 4.357376245842423
4400 4.715517282485962
4.550240516662598: 4.3718232811581
4500 4.972266912460327
3.5009515285491943: 4.382111746788025
4600 4.678440809249878
3.5314059257507324: 4.388361608878426
4700 4.961179971694946
3.242382526397705: 4.374483524535565
4800 4.73401665687561
2.734809160232544: 4.363941627393166
4900 4.745965242385864
3.9993324279785156: 4.342891307850273
5000 4.7593770027160645
3.660686731338501: 4.341640504360199
5100 4.852320671081543
4.274598598480225: 4.336023191049987
5200 4.78814435005188
3.158259391784668: 4.334490355803417
5300 4.79610538482666
2.871436595916748: 4.320789057848589
5400 4.834752321243286
2.555697202682495: 4.312555570558265
5500 4.811131715774536
4.625698566436768: 4.304819453716278
5600 4.861838102340698
3.1090450286865234: 4.2885581497209415
5700 4.6532299518585205
3.5947208404541016: 4.272769104305066
5800 4.813047409057617
4.731318950653076: 4.265550746198358
