100 5.055181980133057
6.203710556030273: 6.2131417369842525
200 4.958930015563965
4.457864284515381: 6.146439867019653
300 4.720993280410767
8.008283615112305: 5.9245802982648215
400 5.393489599227905
5.7560133934021: 5.839648464918136
500 4.8389129638671875
4.396292686462402: 5.74327659034729
600 4.871668100357056
4.400164604187012: 5.536522714296977
700 4.746673107147217
4.0999932289123535: 5.4633727247374395
800 5.022722959518433
5.956483364105225: 5.369108340442181
900 5.068034648895264
3.768132448196411: 5.245738246970706
1000 5.3461809158325195
6.103459358215332: 5.342999308347702
1100 5.288810968399048
3.0654101371765137: 5.298852766860615
1200 4.653518438339233
6.887445449829102: 5.32438035428524
1300 4.916211128234863
6.896271228790283: 5.327542619338402
1400 5.555528402328491
5.195545673370361: 5.341793910435268
1500 5.339432716369629
3.4153432846069336: 5.339594290415446
1600 5.1913464069366455
3.5387260913848877: 5.366976454108953
1700 5.687426567077637
3.1594772338867188: 5.326795274369857
1800 5.007566213607788
5.724623203277588: 5.287730102274153
1900 5.194139719009399
2.6996419429779053: 5.199456198905644
2000 5.231121778488159
4.44807243347168: 5.203126350462437
2100 5.658358812332153
6.725605487823486: 5.195635193926948
2200 5.2223265171051025
6.230046272277832: 5.219831190488555
2300 4.622021436691284
4.8970160484313965: 5.230524628628856
2400 5.462356328964233
4.621099472045898: 5.205979846566915
2500 4.937717437744141
5.728829383850098: 5.195943606042862
2600 4.837588310241699
7.261245250701904: 5.145255239514205
2700 5.53943133354187
5.570516109466553: 5.148154434053986
2800 4.551004648208618
4.89896821975708: 5.205151412955352
2900 5.970462799072266
3.582406520843506: 5.18006787863271
3000 5.20624852180481
5.167792797088623: 5.173413594126702
3100 6.091552019119263
3.141645669937134: 5.1698599855745995
3200 5.156198501586914
5.389909744262695: 5.154388547874987
3300 6.800983667373657
4.8543829917907715: 5.14384077075756
3400 4.905823469161987
4.694393157958984: 5.160595948029967
3500 4.813072443008423
5.468855857849121: 5.177250007867813
3600 5.441358804702759
5.524727821350098: 5.177908273306158
3700 5.165008544921875
6.796012878417969: 5.180887820430704
3800 5.494674921035767
5.051613807678223: 5.189516884684562
3900 4.7704668045043945
5.689150333404541: 5.186750448514253
4000 5.609721422195435
5.001537322998047: 5.179081536561251
4100 4.755559206008911
5.676626682281494: 5.169973087601545
4200 5.133378505706787
3.592792510986328: 5.159144355228969
4300 5.043889999389648
6.030361652374268: 5.1759017398745515
4400 5.2965428829193115
3.3959991931915283: 5.174109557975422
4500 4.874569654464722
5.837780475616455: 5.153914140913222
4600 5.315792560577393
4.599333763122559: 5.149456506241923
4700 5.154417991638184
4.715511322021484: 5.142432822115878
4800 5.0180885791778564
8.370474815368652: 5.155084686925014
4900 5.067052602767944
4.326276779174805: 5.175457632541656
5000 5.688898801803589
4.432745456695557: 5.171221728563308
5100 5.152186870574951
6.499091625213623: 5.1711450297692245
5200 4.988166332244873
4.429825305938721: 5.163969118732672
5300 4.858762979507446
5.268465995788574: 5.1734455930511904
5400 8.790874481201172
7.002655029296875: 5.181420695516798
5500 5.227156162261963
6.198058128356934: 5.192175460121848
5600 5.173442363739014
6.183610916137695: 5.184619025673185
5700 5.159602880477905
4.118284225463867: 5.184137557305788
5800 5.384302377700806
6.218172073364258: 5.187244643877293
